    7.881877    5.159016    0
    6.296610    2.687772    0
    5.322393    0.115112    1
    3.612159    2.728290    1
    0.835985    4.546649    1
    5.363750    2.352872    1
    1.610801    4.391154    1
    7.195345    0.248472    0
    7.912429    3.649797    0
    0.761138    2.675637    1
    3.802116    4.409515    0
    3.502503    0.318811    0
    0.115368    1.851832    1
    4.351234    4.584241    1
    3.707344    1.128826    0
    4.922823    2.273372    1
    1.188680    1.218300    1
    5.861852    2.556969    1
    6.559830    2.465140    0
    6.192868    2.398840    1
    2.070744    3.228418    1
    7.672931    3.605680    0
    0.761973    2.434499    1
    4.270640    0.024447    1
    2.232447    4.243616    1
    1.767371    1.803614    1
    5.688228    5.693763    1
    3.880722    0.021605    1
    2.153347    4.350760    1
    3.218988    3.053981    0
    3.865849    4.121041    1
    0.456508    4.104708    1
    7.182932    5.430827    1
    4.678974    5.454775    0
    2.847832    5.603690    1
    4.005414    4.678875    0
    7.821747    4.358700    1
    3.684978    4.323571    0
    1.030073    4.044927    1
    6.530374    5.706415    0
    2.239369    1.233936    1
    5.405025    5.619149    1
    1.517216    1.953167    1
    6.983008    0.100493    0
    1.472188    3.681842    1
    7.778793    3.965787    0
    4.851004    5.405080    0
    3.498989    5.049404    0
    3.877936    4.277766    1
    1.933708    2.494722    1
    6.850340    3.766529    1
    2.701466    5.076093    0
    1.422549    0.973744    1
    0.820379    2.536318    1
    6.272502    4.811879    1
    1.617672    1.820922    1
    0.088918    1.919911    1
    3.928510    4.086086    1
    0.467448    1.313712    1
    2.018170    5.432700    1
    7.694143    4.539557    1
    0.873299    3.675546    1
    2.602209    0.495677    1
    6.227756    3.755600    0
    7.194586    3.252599    1
    4.093148    1.688565    1
    2.654119    0.926014    0
    1.554075    0.631928    1
    1.983191    2.154958    1
    7.630905    3.857948    1
    5.496472    4.051617    0
    5.502096    2.722783    1
    5.039246    2.560052    1
    2.827933    5.584529    1
    1.478109    2.132800    1
    0.260103    1.535298    1
    1.009980    5.674815    1
    4.514383    0.261695    0
    0.846738    0.641071    1
    7.429856    3.194285    1
    1.657307    4.637326    1
    4.743381    1.482087    0
    3.776527    2.062055    1
    2.426020    0.407808    1
    6.120935    1.090572    1
    3.437440    2.567657    1
    2.795298    1.733319    0
    7.834967    2.709868    0
    5.818002    3.926414    0
    6.224089    0.744936    1
    5.652805    5.478266    1
    4.470539    3.058304    0
    7.241281    2.483744    1
    3.803028    0.396589    1
    0.471442    5.109930    0
    6.310717    2.104566    1
    4.303750    5.661460    1
    0.526519    4.654922    1
    3.965415    4.428261    1
    2.636244    3.314909    1
