    3.500000    0.058824    1
    3.500000    0.176471    0
    3.500000    0.294118    0
    3.500000    0.411765    0
    3.500000    0.529412    1
    3.500000    0.647059    1
    3.500000    0.764706    1
    3.500000    0.882353    0
    3.500000    1.000000    0
    3.500000    1.117647    0
    3.500000    1.235294    0
    3.500000    1.352941    0
    3.500000    1.470588    0
    3.500000    1.588235    0
    3.500000    1.705882    0
    3.500000    1.823529    0
    3.500000    1.941176    0
    3.500000    2.058824    1
    3.500000    2.176471    1
    3.500000    2.294118    1
    3.500000    2.411765    1
    3.500000    2.529412    1
    3.500000    2.647059    1
    3.500000    2.764706    1
    3.500000    2.882353    1
    3.500000    3.000000    0
    3.500000    3.117647    0
    3.500000    3.235294    0
    3.500000    3.352941    0
    3.500000    3.470588    0
    3.500000    3.588235    0
    3.500000    3.705882    0
    3.500000    3.823529    0
    3.500000    3.941176    0
    3.500000    4.058824    0
    3.500000    4.176471    0
    3.500000    4.294118    0
    3.500000    4.411765    0
    3.500000    4.529412    0
    3.500000    4.647059    0
    3.500000    4.764706    0
    3.500000    4.882353    1
    3.500000    5.000000    0
    3.500000    5.117647    0
    3.500000    5.235294    1
    3.500000    5.352941    1
    3.500000    5.470588    1
    3.500000    5.588235    0
    3.500000    5.705882    0
    3.500000    5.823529    0
    4.500000    0.058824    1
    4.500000    0.176471    1
    4.500000    0.294118    1
    4.500000    0.411765    1
    4.500000    0.529412    1
    4.500000    0.647059    1
    4.500000    0.764706    1
    4.500000    0.882353    1
    4.500000    1.000000    0
    4.500000    1.117647    0
    4.500000    1.235294    0
    4.500000    1.352941    0
    4.500000    1.470588    0
    4.500000    1.588235    0
    4.500000    1.705882    0
    4.500000    1.823529    0
    4.500000    1.941176    0
    4.500000    2.058824    0
    4.500000    2.176471    1
    4.500000    2.294118    1
    4.500000    2.411765    1
    4.500000    2.529412    1
    4.500000    2.647059    1
    4.500000    2.764706    1
    4.500000    2.882353    0
    4.500000    3.000000    0
    4.500000    3.117647    0
    4.500000    3.235294    0
    4.500000    3.352941    0
    4.500000    3.470588    1
    4.500000    3.588235    1
    4.500000    3.705882    1
    4.500000    3.823529    1
    4.500000    3.941176    1
    4.500000    4.058824    1
    4.500000    4.176471    0
    4.500000    4.294118    0
    4.500000    4.411765    0
    4.500000    4.529412    1
    4.500000    4.647059    1
    4.500000    4.764706    1
    4.500000    4.882353    0
    4.500000    5.000000    0
    4.500000    5.117647    0
    4.500000    5.235294    1
    4.500000    5.352941    1
    4.500000    5.470588    1
    4.500000    5.588235    1
    4.500000    5.705882    0
    4.500000    5.823529    0
